  0.0000000E+00   = TIME
   1.     0.18743827E-03  0.14870716E+01  0.17054827E-03  0.15663286E-03                 18
   2.     0.40647021E-04  0.10273206E+01  0.56807461E-04  0.52122727E-04                 62
   3.     0.93964463E-05  0.51310736E+00  0.97254406E-05  0.10349440E-04                 98
   4.     0.31439258E-05  0.27834395E+00  0.35126509E-05  0.34796385E-05                210
   5.     0.79759445E-06  0.11105777E+00  0.81971007E-06  0.80900463E-06                350
   6.     0.13642418E-06  0.28417109E-01  0.14503726E-06  0.14667111E-06                450
   7.     0.35308357E-07  0.98020472E-02  0.36037925E-07  0.35851258E-07                602
   8.     0.84394571E-08  0.30413833E-02  0.84103231E-08  0.83426119E-08                762
   9.     0.21338615E-08  0.97544084E-03  0.21836395E-08  0.21824864E-08               1142
  10.     0.38928691E-09  0.22258934E-03  0.39613998E-09  0.39646389E-09               1250
  11.     0.86163472E-10  0.59540758E-04  0.88218273E-10  0.89181454E-10               1458
  12.     0.21822173E-10  0.17806637E-04  0.22073841E-10  0.22279657E-10               1814
  13.     0.48084150E-11  0.46212836E-05  0.49503396E-11  0.49304996E-11               2178
  14.     0.10585235E-11  0.11825236E-05  0.10795741E-11  0.10734092E-11               2498
  15.     0.22023059E-12  0.28216667E-06  0.22950332E-12  0.22960637E-12               2622
  16.     0.58615764E-13  0.85123574E-07  0.59563736E-13  0.59418385E-13               3338
  17.     0.12343118E-13  0.20321597E-07  0.12577740E-13  0.12589338E-13               3722
  18.     0.26639326E-14  0.49299329E-08  0.27089215E-14  0.27149752E-14               4170
  19.     0.56355055E-15  0.11631917E-08  0.57380924E-15  0.57444673E-15               4358
  20.     0.13509929E-15  0.30825975E-09  0.13841823E-15  0.13872147E-15               5034
  21.     0.30617898E-16  0.77136603E-10  0.31232302E-16  0.31244977E-16               5714
  22.     0.64007703E-17  0.17726026E-10  0.65668430E-17  0.65750746E-17               5982
  23.     0.14821874E-17  0.44810180E-11  0.15174740E-17  0.15197782E-17               6602
  24.     0.33444972E-18  0.11002943E-11  0.34218528E-18  0.34244489E-18               7130
  25.     0.77290974E-19  0.27595867E-12  0.79134999E-19  0.79157986E-19               8034
  26.     0.16732581E-19  0.64703329E-13  0.17107562E-19  0.17091624E-19               8606
  27.     0.36190153E-20  0.15108618E-13  0.37050211E-20  0.37067167E-20               9066
  28.     0.82982392E-21  0.37244589E-14  0.84973946E-21  0.84968170E-21               9962
  29.     0.18218183E-21  0.87782249E-15  0.18634320E-21  0.18618046E-21              10550
  30.     0.40597720E-22  0.20928747E-15  0.41590820E-22  0.41589258E-22              11226
  31.     0.92828915E-23  0.51087432E-16  0.94933730E-23  0.95034089E-23              12146
            
            
  0.4836947       = TIME
   1.     0.12933893E-01  0.11242309E+03  0.21279178E-04  0.25124469E-04                 18
   2.     0.52049542E-02  0.13517380E+03  0.32434356E-04  0.12179262E-04                 62
   3.     0.14433500E-02  0.79825500E+02  0.11407190E-04  0.91518996E-05                 98
   4.     0.81753230E-03  0.75166229E+02  0.82188617E-05  0.92286864E-05                210
   5.     0.44966437E-03  0.64060364E+02  0.59332492E-05  0.56555432E-05                350
   6.     0.19610539E-03  0.41219437E+02  0.40691730E-05  0.35320713E-05                450
   7.     0.11651270E-03  0.33225594E+02  0.22037702E-05  0.24204799E-05                602
   8.     0.69478621E-04  0.25489491E+02  0.13340588E-05  0.17894502E-05                762
   9.     0.45494839E-04  0.21205713E+02  0.12403267E-05  0.13075208E-05               1142
  10.     0.23777950E-04  0.13816160E+02  0.73706991E-06  0.77082490E-06               1250
  11.     0.15060468E-04  0.10502199E+02  0.51100983E-06  0.55255538E-06               1458
  12.     0.10563048E-04  0.87444458E+01  0.34901302E-06  0.39624479E-06               1814
  13.     0.67137062E-05  0.65544224E+01  0.24549769E-06  0.27087520E-06               2178
  14.     0.45985776E-05  0.52034602E+01  0.18385656E-06  0.19674371E-06               2498
  15.     0.30339709E-05  0.39285829E+01  0.10581351E-06  0.10960478E-06               2622
  16.     0.23641771E-05  0.34758916E+01  0.90287159E-07  0.85268312E-07               3338
  17.     0.17039405E-05  0.28394279E+01  0.58530205E-07  0.55147034E-07               3722
  18.     0.11426114E-05  0.21386251E+01  0.40038280E-07  0.37515537E-07               4170
  19.     0.78380094E-06  0.16314278E+01  0.26556773E-07  0.24602882E-07               4358
  20.     0.57970936E-06  0.13345265E+01  0.18964299E-07  0.17104288E-07               5034
  21.     0.43612857E-06  0.11087874E+01  0.13955737E-07  0.12692268E-07               5714
  22.     0.28460434E-06  0.79476690E+00  0.92005017E-08  0.80126172E-08               5982
  23.     0.21211937E-06  0.64621580E+00  0.67886363E-08  0.56217946E-08               6602
  24.     0.15406184E-06  0.51075459E+00  0.49006998E-08  0.40173744E-08               7130
  25.     0.11686485E-06  0.42050827E+00  0.35529855E-08  0.27148059E-08               8034
  26.     0.84947061E-07  0.33104181E+00  0.25118598E-08  0.19231372E-08               8606
  27.     0.59622842E-07  0.25056440E+00  0.17580668E-08  0.12908767E-08               9066
  28.     0.47251582E-07  0.21370575E+00  0.12681620E-08  0.94916597E-09               9962
  29.     0.35461305E-07  0.17220542E+00  0.92854330E-09  0.69339023E-09              10550
  30.     0.28925150E-07  0.15020104E+00  0.74479678E-09  0.52522131E-09              11226
  31.     0.36494519E-07  0.20325321E+00  0.80226370E-09  0.60495875E-09              12146
            
            
  0.9669063       = TIME
   1.     0.10071530E-01  0.87758553E+02  0.53637228E-06  0.31393162E-06                 18
   2.     0.49191969E-02  0.12907883E+03  0.69764269E-06  0.33837478E-06                 62
   3.     0.25407881E-02  0.14166086E+03  0.36436410E-06  0.23828096E-06                 98
   4.     0.19919490E-02  0.18469096E+03  0.29292858E-06  0.20304752E-06                210
   5.     0.12666271E-02  0.18563049E+03  0.30254898E-06  0.13796407E-06                350
   6.     0.74245146E-03  0.15804924E+03  0.21422559E-06  0.10712594E-06                450
   7.     0.44514157E-03  0.12732572E+03  0.15789895E-06  0.77621436E-07                602
   8.     0.36115060E-03  0.13267194E+03  0.12603465E-06  0.62673195E-07                762
   9.     0.26394913E-03  0.12366183E+03  0.10649526E-06  0.53337381E-07               1142
  10.     0.15888209E-03  0.92772125E+02  0.65859616E-07  0.35541348E-07               1250
  11.     0.11045417E-03  0.77316643E+02  0.48391566E-07  0.24028612E-07               1458
  12.     0.81033781E-04  0.67279037E+02  0.40956841E-07  0.19935635E-07               1814
  13.     0.60361650E-04  0.58809502E+02  0.31126547E-07  0.15484474E-07               2178
  14.     0.42232357E-04  0.47898369E+02  0.23661995E-07  0.11873148E-07               2498
  15.     0.28981112E-04  0.37538704E+02  0.17650073E-07  0.82456557E-08               2622
  16.     0.23112085E-04  0.34034851E+02  0.14788863E-07  0.70583166E-08               3338
  17.     0.16409134E-04  0.27354980E+02  0.11441732E-07  0.50970863E-08               3722
  18.     0.11905868E-04  0.22315643E+02  0.85164213E-08  0.39461856E-08               4170
  19.     0.86005311E-05  0.17913263E+02  0.63059806E-08  0.28458111E-08               4358
  20.     0.68889631E-05  0.15869576E+02  0.50860742E-08  0.23134370E-08               5034
  21.     0.52008763E-05  0.13233143E+02  0.39530188E-08  0.18081779E-08               5714
  22.     0.38744165E-05  0.10821369E+02  0.30359155E-08  0.12964614E-08               5982
  23.     0.28583061E-05  0.87114191E+01  0.23013420E-08  0.99312791E-09               6602
  24.     0.22222130E-05  0.73713350E+01  0.18215742E-08  0.77835971E-09               7130
  25.     0.17766414E-05  0.63962469E+01  0.14413224E-08  0.60061167E-09               8034
  26.     0.14168165E-05  0.55232325E+01  0.11402276E-08  0.46948451E-09               8606
  27.     0.10811078E-05  0.45486407E+01  0.87708429E-09  0.36639464E-09               9066
  28.     0.92388291E-06  0.41781707E+01  0.75991113E-09  0.29634700E-09               9962
  29.     0.83343923E-06  0.40483952E+01  0.67067440E-09  0.24033647E-09              10550
  30.     0.85811246E-06  0.44627409E+01  0.65273753E-09  0.23613739E-09              11226
  31.     0.11515565E-05  0.64073744E+01  0.86595442E-09  0.31071723E-09              12146
            
            
   1.450118       = TIME
   1.     0.11089911E-01  0.89816406E+02  0.18767677E-07  0.35163783E-08                 18
   2.     0.48855655E-02  0.12409691E+03  0.12503633E-07  0.47584985E-08                 62
   3.     0.19104881E-02  0.10754564E+03  0.77958955E-08  0.21670612E-08                 98
   4.     0.16361671E-02  0.15376498E+03  0.70229209E-08  0.20591342E-08                210
   5.     0.10358426E-02  0.15028131E+03  0.45957256E-08  0.19729285E-08                350
   6.     0.55554823E-03  0.11893435E+03  0.29634348E-08  0.13057200E-08                450
   7.     0.40488649E-03  0.11504452E+03  0.24347373E-08  0.10166192E-08                602
   8.     0.25036401E-03  0.92200920E+02  0.18279696E-08  0.73690493E-09                762
   9.     0.21107256E-03  0.98222588E+02  0.15906567E-08  0.63399425E-09               1142
  10.     0.11717205E-03  0.68459160E+02  0.10120331E-08  0.40445919E-09               1250
  11.     0.86108397E-04  0.60357811E+02  0.79072315E-09  0.29113659E-09               1458
  12.     0.61897954E-04  0.51213219E+02  0.61570959E-09  0.24532482E-09               1814
  13.     0.44057193E-04  0.42852745E+02  0.48352100E-09  0.17620075E-09               2178
  14.     0.29095430E-04  0.32943192E+02  0.34801406E-09  0.13035056E-09               2498
  15.     0.19557045E-04  0.25313377E+02  0.25488878E-09  0.90424654E-10               2622
  16.     0.15764999E-04  0.23165604E+02  0.20984949E-09  0.71394050E-10               3338
  17.     0.10967580E-04  0.18290398E+02  0.14623347E-09  0.53088603E-10               3722
  18.     0.80153113E-05  0.15004904E+02  0.11225530E-09  0.39680238E-10               4170
  19.     0.57300067E-05  0.11937832E+02  0.79600548E-10  0.26690681E-10               4358
  20.     0.43171494E-05  0.99467926E+01  0.63499539E-10  0.20692255E-10               5034
  21.     0.33987199E-05  0.86433506E+01  0.48259726E-10  0.16148244E-10               5714
  22.     0.23851019E-05  0.66614189E+01  0.35724652E-10  0.11031670E-10               5982
  23.     0.18013319E-05  0.54934025E+01  0.27787470E-10  0.85742967E-11               6602
  24.     0.13880059E-05  0.46012955E+01  0.20516063E-10  0.62341343E-11               7130
  25.     0.10831856E-05  0.38977609E+01  0.16580693E-10  0.48564043E-11               8034
  26.     0.85074356E-06  0.33187141E+01  0.12421557E-10  0.35095945E-11               8606
  27.     0.66154740E-06  0.27821002E+01  0.95645575E-11  0.26900097E-11               9066
  28.     0.57705620E-06  0.26105514E+01  0.75518966E-11  0.21742894E-11               9962
  29.     0.50000619E-06  0.24287477E+01  0.65505023E-11  0.17227627E-11              10550
  30.     0.49175691E-06  0.25568526E+01  0.66122086E-11  0.16450216E-11              11226
  31.     0.61629510E-06  0.34275823E+01  0.78104320E-11  0.18679871E-11              12146
            
            
   1.933329       = TIME
   1.     0.11169516E-01  0.94285690E+02  0.22985047E-09  0.48553640E-10                 18
   2.     0.36380952E-02  0.10466137E+03  0.23317986E-09  0.37795544E-10                 62
   3.     0.23099626E-02  0.12840079E+03  0.10263032E-09  0.18546642E-10                 98
   4.     0.17066237E-02  0.15482610E+03  0.13510890E-09  0.24232952E-10                210
   5.     0.12262642E-02  0.17869202E+03  0.12549088E-09  0.17488969E-10                350
   6.     0.74391224E-03  0.15766306E+03  0.79472248E-10  0.13282363E-10                450
   7.     0.47199026E-03  0.13337717E+03  0.59221239E-10  0.10827009E-10                602
   8.     0.30561857E-03  0.11194672E+03  0.52189905E-10  0.82367897E-11                762
   9.     0.22838562E-03  0.10713051E+03  0.42260397E-10  0.72964915E-11               1142
  10.     0.13139914E-03  0.76512161E+02  0.26940068E-10  0.48702028E-11               1250
  11.     0.89308945E-04  0.62608971E+02  0.21685407E-10  0.35536493E-11               1458
  12.     0.64975073E-04  0.53812141E+02  0.16065486E-10  0.28529210E-11               1814
  13.     0.47173766E-04  0.45911274E+02  0.12863896E-10  0.21239026E-11               2178
  14.     0.32374293E-04  0.36645905E+02  0.10090240E-10  0.16152287E-11               2498
  15.     0.22163416E-04  0.28694427E+02  0.66771770E-11  0.10801563E-11               2622
  16.     0.18013721E-04  0.26451153E+02  0.59025662E-11  0.88953156E-12               3338
  17.     0.12915971E-04  0.21501278E+02  0.42878019E-11  0.66397983E-12               3722
  18.     0.96488493E-05  0.18088274E+02  0.34161090E-11  0.47871212E-12               4170
  19.     0.69387770E-05  0.14454012E+02  0.25056162E-11  0.34869855E-12               4358
  20.     0.53603576E-05  0.12349768E+02  0.19953676E-11  0.27745189E-12               5034
  21.     0.42748088E-05  0.10865400E+02  0.15805675E-11  0.21824499E-12               5714
  22.     0.30379751E-05  0.84832640E+01  0.11458950E-11  0.15179855E-12               5982
  23.     0.23180819E-05  0.70667648E+01  0.92334040E-12  0.11555752E-12               6602
  24.     0.17555269E-05  0.58248892E+01  0.67780232E-12  0.86594177E-13               7130
  25.     0.14278983E-05  0.51413317E+01  0.55800237E-12  0.70203839E-13               8034
  26.     0.11093823E-05  0.43253098E+01  0.41733582E-12  0.52010486E-13               8606
  27.     0.87841789E-06  0.36959815E+01  0.33389480E-12  0.40211639E-13               9066
  28.     0.74142872E-06  0.33549397E+01  0.28435376E-12  0.32091930E-13               9962
  29.     0.65059021E-06  0.31599097E+01  0.23112981E-12  0.26060060E-13              10550
  30.     0.66891187E-06  0.34786863E+01  0.22206442E-12  0.24424170E-13              11226
  31.     0.89069408E-06  0.49538641E+01  0.28935226E-12  0.31534335E-13              12146
            
            
   2.416541       = TIME
   1.     0.10781532E-01  0.95336029E+02  0.44020690E-11  0.80509270E-12                 18
   2.     0.52552791E-02  0.13505109E+03  0.34668264E-11  0.69820788E-12                 62
   3.     0.18274781E-02  0.10247682E+03  0.20210678E-11  0.47170471E-12                 98
   4.     0.17939479E-02  0.16442648E+03  0.26566271E-11  0.38231568E-12                210
   5.     0.10087270E-02  0.14718398E+03  0.18209572E-11  0.32124010E-12                350
   6.     0.57980244E-03  0.12299930E+03  0.12409458E-11  0.23092349E-12                450
   7.     0.36118709E-03  0.10309265E+03  0.94822154E-12  0.15461471E-12                602
   8.     0.26289394E-03  0.96498070E+02  0.63822699E-12  0.11163316E-12                762
   9.     0.20668624E-03  0.96562294E+02  0.60281402E-12  0.89051284E-13               1142
  10.     0.11444258E-03  0.66806381E+02  0.36009303E-12  0.60002011E-13               1250
  11.     0.78956087E-04  0.55418221E+02  0.27325104E-12  0.44549976E-13               1458
  12.     0.61378996E-04  0.50861198E+02  0.21980706E-12  0.32401436E-13               1814
  13.     0.43356089E-04  0.42270821E+02  0.16756239E-12  0.24519286E-13               2178
  14.     0.30087023E-04  0.34061920E+02  0.12029285E-12  0.18480819E-13               2498
  15.     0.19694278E-04  0.25493584E+02  0.83150677E-13  0.12633402E-13               2622
  16.     0.15544028E-04  0.22849281E+02  0.70268634E-13  0.99949507E-14               3338
  17.     0.11280071E-04  0.18789948E+02  0.49721525E-13  0.71311077E-14               3722
  18.     0.81839153E-05  0.15320347E+02  0.38365002E-13  0.52245983E-14               4170
  19.     0.55815881E-05  0.11623384E+02  0.27710761E-13  0.36702666E-14               4358
  20.     0.44501644E-05  0.10255717E+02  0.21071113E-13  0.28823290E-14               5034
  21.     0.33623414E-05  0.85491400E+01  0.16446007E-13  0.22213058E-14               5714
  22.     0.24173551E-05  0.67468171E+01  0.12135733E-13  0.15037726E-14               5982
  23.     0.18609508E-05  0.56776075E+01  0.92911484E-14  0.11618287E-14               6602
  24.     0.13965665E-05  0.46318960E+01  0.70480146E-14  0.87639916E-15               7130
  25.     0.11223406E-05  0.40391574E+01  0.56910094E-14  0.68060781E-15               8034
  26.     0.85824615E-06  0.33451977E+01  0.42841931E-14  0.51437087E-15               8606
  27.     0.66598966E-06  0.28007047E+01  0.32022669E-14  0.39065239E-15               9066
  28.     0.56385710E-06  0.25513487E+01  0.26778777E-14  0.31769045E-15               9962
  29.     0.49326701E-06  0.23958936E+01  0.22551905E-14  0.26830904E-15              10550
  30.     0.48456684E-06  0.25180845E+01  0.21162004E-14  0.25281919E-15              11226
  31.     0.60744452E-06  0.33802128E+01  0.26337922E-14  0.30556192E-15              12146
            
            
   2.899752       = TIME
   1.     0.11697756E-01  0.10856435E+03  0.59936729E-13  0.21737247E-13                 18
   2.     0.46118889E-02  0.12752412E+03  0.41411302E-13  0.11268855E-13                 62
   3.     0.20782016E-02  0.11524147E+03  0.28904467E-13  0.76560716E-14                 98
   4.     0.15317642E-02  0.14112463E+03  0.30646350E-13  0.68958468E-14                210
   5.     0.10477545E-02  0.15413593E+03  0.25877145E-13  0.55576542E-14                350
   6.     0.53696462E-03  0.11427057E+03  0.14193033E-13  0.39739406E-14                450
   7.     0.37282769E-03  0.10627312E+03  0.11372796E-13  0.27769098E-14                602
   8.     0.24150897E-03  0.88167603E+02  0.81659931E-14  0.19739516E-14                762
   9.     0.18688373E-03  0.87308914E+02  0.78564788E-14  0.15802093E-14               1142
  10.     0.11741619E-03  0.68315598E+02  0.54375280E-14  0.11629054E-14               1250
  11.     0.77160541E-04  0.54071781E+02  0.42133185E-14  0.77158942E-15               1458
  12.     0.57660473E-04  0.47786484E+02  0.32582086E-14  0.66322892E-15               1814
  13.     0.42206531E-04  0.41142982E+02  0.26749860E-14  0.46910813E-15               2178
  14.     0.29405419E-04  0.33326733E+02  0.19518112E-14  0.34274984E-15               2498
  15.     0.19570234E-04  0.25373203E+02  0.13539595E-14  0.24257676E-15               2622
  16.     0.16793478E-04  0.24720726E+02  0.12111925E-14  0.20786885E-15               3338
  17.     0.11943906E-04  0.19891308E+02  0.87063383E-15  0.14573948E-15               3722
  18.     0.85403353E-05  0.15982337E+02  0.66502563E-15  0.11192302E-15               4170
  19.     0.59523718E-05  0.12402524E+02  0.46858281E-15  0.77637902E-16               4358
  20.     0.46127157E-05  0.10626909E+02  0.37865284E-15  0.61023523E-16               5034
  21.     0.35414560E-05  0.90043144E+01  0.29503407E-15  0.46872361E-16               5714
  22.     0.25347351E-05  0.70799012E+01  0.21504729E-15  0.32776628E-16               5982
  23.     0.19308698E-05  0.58822393E+01  0.16849535E-15  0.25439109E-16               6602
  24.     0.14562630E-05  0.48296757E+01  0.13274389E-15  0.18985944E-16               7130
  25.     0.11662831E-05  0.41976347E+01  0.10291716E-15  0.14860637E-16               8034
  26.     0.88043373E-06  0.34327314E+01  0.78725207E-16  0.10956958E-16               8606
  27.     0.67468301E-06  0.28370676E+01  0.61110754E-16  0.83901302E-17               9066
  28.     0.57310160E-06  0.25927591E+01  0.50578653E-16  0.68118208E-17               9962
  29.     0.49346613E-06  0.23956349E+01  0.41065401E-16  0.53900735E-17              10550
  30.     0.47955604E-06  0.24935756E+01  0.38279139E-16  0.49204206E-17              11226
  31.     0.60035495E-06  0.33379495E+01  0.50365426E-16  0.61413793E-17              12146
            
            
   3.382964       = TIME
   1.     0.10659618E-01  0.10180284E+03  0.15078257E-14  0.45821158E-15                 18
   2.     0.34516503E-02  0.92989410E+02  0.20632878E-14  0.37327373E-15                 62
   3.     0.19124262E-02  0.10674434E+03  0.70043717E-15  0.17583049E-15                 98
   4.     0.18843836E-02  0.17121562E+03  0.53934193E-15  0.17618571E-15                210
   5.     0.12218418E-02  0.17575354E+03  0.56920281E-15  0.11758289E-15                350
   6.     0.61655079E-03  0.13151462E+03  0.39410495E-15  0.84826399E-16                450
   7.     0.41311665E-03  0.11802342E+03  0.28622641E-15  0.56374450E-16                602
   8.     0.31378234E-03  0.11522739E+03  0.22778272E-15  0.48050260E-16                762
   9.     0.25470875E-03  0.11859165E+03  0.18351755E-15  0.45465615E-16               1142
  10.     0.15017799E-03  0.87319260E+02  0.12250641E-15  0.26323445E-16               1250
  11.     0.98765668E-04  0.69275665E+02  0.88192594E-16  0.21565037E-16               1458
  12.     0.71870323E-04  0.59589714E+02  0.74051366E-16  0.16955891E-16               1814
  13.     0.51261588E-04  0.50077187E+02  0.58397601E-16  0.11967054E-16               2178
  14.     0.36605685E-04  0.41493114E+02  0.43414164E-16  0.87816819E-17               2498
  15.     0.25127352E-04  0.32581245E+02  0.31596572E-16  0.60780065E-17               2622
  16.     0.19943200E-04  0.29342274E+02  0.25828122E-16  0.53630197E-17               3338
  17.     0.14208922E-04  0.23662941E+02  0.19925812E-16  0.37920776E-17               3722
  18.     0.10558404E-04  0.19773605E+02  0.15072098E-16  0.28613658E-17               4170
  19.     0.74480376E-05  0.15518829E+02  0.10754025E-16  0.20556348E-17               4358
  20.     0.59471113E-05  0.13700274E+02  0.87812071E-17  0.15938658E-17               5034
  21.     0.45182824E-05  0.11487332E+02  0.66832632E-17  0.12376174E-17               5714
  22.     0.32265218E-05  0.90091658E+01  0.50086167E-17  0.87771153E-18               5982
  23.     0.24507008E-05  0.74675012E+01  0.38897581E-17  0.67755718E-18               6602
  24.     0.18695882E-05  0.62006397E+01  0.29617847E-17  0.51183946E-18               7130
  25.     0.15209171E-05  0.54760609E+01  0.24134407E-17  0.40642997E-18               8034
  26.     0.11919938E-05  0.46476641E+01  0.18347625E-17  0.31578618E-18               8606
  27.     0.95674352E-06  0.40247617E+01  0.13973974E-17  0.24110053E-18               9066
  28.     0.82053305E-06  0.37123036E+01  0.11223147E-17  0.19557119E-18               9962
  29.     0.74218178E-06  0.36053448E+01  0.97301204E-18  0.16325520E-18              10550
  30.     0.74800374E-06  0.38902953E+01  0.97468729E-18  0.15486561E-18              11226
  31.     0.98136354E-06  0.54575453E+01  0.13742597E-17  0.22022329E-18              12146
            
            
   3.866175       = TIME
   1.     0.13852848E-01  0.10797493E+03  0.49846317E-16  0.76747687E-17                 18
   2.     0.40113321E-02  0.10570752E+03  0.32347106E-16  0.82907833E-17                 62
   3.     0.21411858E-02  0.11808302E+03  0.18359745E-16  0.45704045E-17                 98
   4.     0.14720941E-02  0.13670650E+03  0.22815493E-16  0.45683800E-17                210
   5.     0.10319324E-02  0.14944449E+03  0.18375943E-16  0.48091512E-17                350
   6.     0.52744965E-03  0.11176401E+03  0.11734637E-16  0.28885426E-17                450
   7.     0.31774730E-03  0.90415764E+02  0.10339028E-16  0.21590034E-17                602
   8.     0.22025604E-03  0.80605484E+02  0.66947788E-17  0.15904223E-17                762
   9.     0.16217207E-03  0.75744911E+02  0.58547149E-17  0.13276304E-17               1142
  10.     0.94425646E-04  0.55068634E+02  0.37661972E-17  0.91108175E-18               1250
  11.     0.62590902E-04  0.43848892E+02  0.29369647E-17  0.60833819E-18               1458
  12.     0.45828754E-04  0.37875507E+02  0.20975323E-17  0.52067830E-18               1814
  13.     0.31775442E-04  0.31018446E+02  0.16859223E-17  0.36745648E-18               2178
  14.     0.22275581E-04  0.25237732E+02  0.11405863E-17  0.24839660E-18               2498
  15.     0.14198612E-04  0.18397259E+02  0.82980588E-18  0.17225743E-18               2622
  16.     0.11510703E-04  0.16933767E+02  0.71978310E-18  0.13973857E-18               3338
  17.     0.81551443E-05  0.13580873E+02  0.49364216E-18  0.10263408E-18               3722
  18.     0.57708075E-05  0.10805064E+02  0.38608609E-18  0.74306184E-19               4170
  19.     0.39897927E-05  0.83128071E+01  0.27428358E-18  0.52305861E-19               4358
  20.     0.31604200E-05  0.72773552E+01  0.22859271E-18  0.39705900E-19               5034
  21.     0.23979119E-05  0.60955148E+01  0.16983709E-18  0.30095587E-19               5714
  22.     0.17033972E-05  0.47562776E+01  0.12459995E-18  0.20897822E-19               5982
  23.     0.12610503E-05  0.38439009E+01  0.91361220E-19  0.15141803E-19               6602
  24.     0.95881853E-06  0.31802669E+01  0.67651380E-19  0.11280879E-19               7130
  25.     0.76098559E-06  0.27412333E+01  0.54251209E-19  0.83554289E-20               8034
  26.     0.57567581E-06  0.22447581E+01  0.41145650E-19  0.62244913E-20               8606
  27.     0.45324850E-06  0.19054857E+01  0.31070242E-19  0.44732102E-20               9066
  28.     0.37352939E-06  0.16892458E+01  0.26138261E-19  0.35549969E-20               9962
  29.     0.32865321E-06  0.15959753E+01  0.21036366E-19  0.29136686E-20              10550
  30.     0.34686633E-06  0.18045648E+01  0.19754517E-19  0.25180210E-20              11226
  31.     0.43336269E-06  0.24115782E+01  0.24343387E-19  0.29114387E-20              12146
            
            
   4.349387       = TIME
   1.     0.12514935E-01  0.98792847E+02  0.57049075E-18  0.10518449E-18                 18
   2.     0.43038893E-02  0.11685294E+03  0.89688340E-18  0.90384475E-19                 62
   3.     0.24290760E-02  0.13385532E+03  0.46154677E-18  0.45070945E-19                 98
   4.     0.16555332E-02  0.15406094E+03  0.60699418E-18  0.70715632E-19                210
   5.     0.12163272E-02  0.17822563E+03  0.49531782E-18  0.51677876E-19                350
   6.     0.65065408E-03  0.13881416E+03  0.28274476E-18  0.39237816E-19                450
   7.     0.44152664E-03  0.12463775E+03  0.21042287E-18  0.27644205E-19                602
   8.     0.27285423E-03  0.10015688E+03  0.15010367E-18  0.20919317E-19                762
   9.     0.20967965E-03  0.98135452E+02  0.13936352E-18  0.18886346E-19               1142
  10.     0.13264014E-03  0.77185562E+02  0.91486770E-19  0.11861508E-19               1250
  11.     0.84323357E-04  0.59131287E+02  0.68106872E-19  0.82735518E-20               1458
  12.     0.64609361E-04  0.53510513E+02  0.54415947E-19  0.65256424E-20               1814
  13.     0.45768767E-04  0.44658230E+02  0.42493509E-19  0.52833835E-20               2178
  14.     0.32702432E-04  0.37058365E+02  0.30456286E-19  0.37542299E-20               2498
  15.     0.21895034E-04  0.28343834E+02  0.20494282E-19  0.25442424E-20               2622
  16.     0.17956674E-04  0.26421793E+02  0.18989718E-19  0.23401394E-20               3338
  17.     0.12894583E-04  0.21482969E+02  0.13235639E-19  0.15975190E-20               3722
  18.     0.96737331E-05  0.18105782E+02  0.10736312E-19  0.12741128E-20               4170
  19.     0.66040943E-05  0.13763521E+02  0.78921335E-20  0.89615710E-21               4358
  20.     0.52000805E-05  0.11978891E+02  0.63529915E-20  0.71176645E-21               5034
  21.     0.40734358E-05  0.10362631E+02  0.51611017E-20  0.55735060E-21               5714
  22.     0.29547282E-05  0.82521229E+01  0.36567720E-20  0.39043556E-21               5982
  23.     0.22829242E-05  0.69608221E+01  0.28526374E-20  0.28664484E-21               6602
  24.     0.17618972E-05  0.58455086E+01  0.22926587E-20  0.22130550E-21               7130
  25.     0.13970422E-05  0.50307512E+01  0.18073957E-20  0.17075845E-21               8034
  26.     0.10662795E-05  0.41570244E+01  0.14092506E-20  0.12799906E-21               8606
  27.     0.84776298E-06  0.35657024E+01  0.10873544E-20  0.96843708E-22               9066
  28.     0.70439290E-06  0.31862414E+01  0.89955781E-21  0.80821387E-22               9962
  29.     0.60839659E-06  0.29549260E+01  0.75887091E-21  0.67357052E-22              10550
  30.     0.61391108E-06  0.31920717E+01  0.76709193E-21  0.61339274E-22              11226
  31.     0.77384789E-06  0.43051071E+01  0.94652484E-21  0.78038488E-22              12146
            
            
   4.832116       = TIME
   1.     0.95101558E-02  0.75974060E+02  0.17169866E-19  0.38193869E-20                 18
   2.     0.45667673E-02  0.12163873E+03  0.14122385E-19  0.24880850E-20                 62
   3.     0.20769972E-02  0.11572888E+03  0.56724375E-20  0.11420343E-20                 98
   4.     0.21152245E-02  0.19561578E+03  0.67713881E-20  0.99191789E-21                210
   5.     0.12242440E-02  0.18079184E+03  0.41322264E-20  0.69707657E-21                350
   6.     0.64248010E-03  0.13630219E+03  0.31993270E-20  0.46988902E-21                450
   7.     0.45386568E-03  0.12883147E+03  0.25979752E-20  0.36910340E-21                602
   8.     0.29790227E-03  0.10926741E+03  0.18665581E-20  0.28587622E-21                762
   9.     0.23935011E-03  0.11195493E+03  0.16138884E-20  0.25626150E-21               1142
  10.     0.14569596E-03  0.85024582E+02  0.10977501E-20  0.15985033E-21               1250
  11.     0.96339165E-04  0.67524918E+02  0.85484997E-21  0.11386570E-21               1458
  12.     0.81483668E-04  0.67347549E+02  0.65143957E-21  0.87437608E-22               1814
  13.     0.59216469E-04  0.57687859E+02  0.49726409E-21  0.63357187E-22               2178
  14.     0.41361345E-04  0.46842602E+02  0.38266762E-21  0.48410191E-22               2498
  15.     0.27139842E-04  0.35166466E+02  0.27118615E-21  0.34143516E-22               2622
  16.     0.23226841E-04  0.34152309E+02  0.22733368E-21  0.28168033E-22               3338
  17.     0.16122787E-04  0.26851536E+02  0.17475097E-21  0.20864628E-22               3722
  18.     0.12128454E-04  0.22698936E+02  0.13601932E-21  0.15805347E-22               4170
  19.     0.82694396E-05  0.17220058E+02  0.94619625E-22  0.11335704E-22               4358
  20.     0.66857910E-05  0.15401382E+02  0.79069636E-22  0.87726941E-23               5034
  21.     0.52008227E-05  0.13235611E+02  0.62024056E-22  0.69014837E-23               5714
  22.     0.37978148E-05  0.10603815E+02  0.45286996E-22  0.50300292E-23               5982
  23.     0.30156657E-05  0.91934338E+01  0.36464606E-22  0.38544797E-23               6602
  24.     0.23530847E-05  0.78053384E+01  0.29360778E-22  0.30110052E-23               7130
  25.     0.19215886E-05  0.69183593E+01  0.22612504E-22  0.23849097E-23               8034
  26.     0.15256807E-05  0.59475117E+01  0.18172217E-22  0.18620048E-23               8606
  27.     0.12039187E-05  0.50643759E+01  0.13741339E-22  0.13408898E-23               9066
  28.     0.10712641E-05  0.48481650E+01  0.11784698E-22  0.11228080E-23               9962
  29.     0.96423082E-06  0.46817799E+01  0.10102040E-22  0.91021877E-24              10550
  30.     0.96343433E-06  0.50097084E+01  0.10082430E-22  0.90732523E-24              11226
  31.     0.12462499E-05  0.69332151E+01  0.13624532E-22  0.11200855E-23              12146
            
            
