  0.0000000E+00   = TIME
   1.     0.95132664E-02  0.76002373E+02  0.17084726E-19  0.38056124E-20                 18
   2.     0.45656320E-02  0.12160059E+03  0.14089600E-19  0.24788672E-20                 62
   3.     0.20714609E-02  0.11539458E+03  0.56781143E-20  0.11409907E-20                 98
   4.     0.21159993E-02  0.19569185E+03  0.67475720E-20  0.99013681E-21                210
   5.     0.12254071E-02  0.18093988E+03  0.41227045E-20  0.69545892E-21                350
   6.     0.64251164E-03  0.13629898E+03  0.31936024E-20  0.46677801E-21                450
   7.     0.45372327E-03  0.12879291E+03  0.25816735E-20  0.36718156E-21                602
   8.     0.29746947E-03  0.10911815E+03  0.18576057E-20  0.28477167E-21                762
   9.     0.23919955E-03  0.11187650E+03  0.16071513E-20  0.25574729E-21               1142
  10.     0.14564954E-03  0.84989532E+02  0.10892775E-20  0.15960322E-21               1250
  11.     0.96221847E-04  0.67434998E+02  0.85187022E-21  0.11377795E-21               1458
  12.     0.81304839E-04  0.67200974E+02  0.64993253E-21  0.87377213E-22               1814
  13.     0.59255257E-04  0.57724373E+02  0.49492830E-21  0.63144813E-22               2178
  14.     0.41392515E-04  0.46879280E+02  0.38136833E-21  0.48357622E-22               2498
  15.     0.27084467E-04  0.35092522E+02  0.27010787E-21  0.34091514E-22               2622
  16.     0.23202243E-04  0.34116135E+02  0.22675164E-21  0.28101459E-22               3338
  17.     0.16123289E-04  0.26852051E+02  0.17360072E-21  0.20844447E-22               3722
  18.     0.12141412E-04  0.22722731E+02  0.13558161E-21  0.15728280E-22               4170
  19.     0.82622282E-05  0.17204370E+02  0.93871797E-22  0.11298954E-22               4358
  20.     0.66774915E-05  0.15382151E+02  0.78726627E-22  0.87596235E-23               5034
  21.     0.51844963E-05  0.13193626E+02  0.61717915E-22  0.68773769E-23               5714
  22.     0.37957923E-05  0.10598280E+02  0.44981007E-22  0.50114973E-23               5982
  23.     0.30105657E-05  0.91775370E+01  0.36230876E-22  0.38420520E-23               6602
  24.     0.23543844E-05  0.78098145E+01  0.29205814E-22  0.29965651E-23               7130
  25.     0.19195222E-05  0.69111252E+01  0.22460437E-22  0.23751634E-23               8034
  26.     0.15237397E-05  0.59399219E+01  0.18059046E-22  0.18646976E-23               8606
  27.     0.12015025E-05  0.50541048E+01  0.13658219E-22  0.13392014E-23               9066
  28.     0.10702222E-05  0.48434844E+01  0.11701614E-22  0.11219909E-23               9962
  29.     0.96139070E-06  0.46680121E+01  0.10028387E-22  0.90966844E-24              10550
  30.     0.96295128E-06  0.50071535E+01  0.10038956E-22  0.90486694E-24              11226
  31.     0.12436844E-05  0.69189758E+01  0.13527573E-22  0.11191822E-23              12146
            
            
  3.1485531E-02   = TIME
   1.     0.97181723E-02  0.77984711E+02  0.12502849E-19  0.29713596E-20                 18
   2.     0.45524524E-02  0.11934747E+03  0.11577639E-19  0.19135854E-20                 62
   3.     0.18204525E-02  0.99580582E+02  0.51144505E-20  0.99303315E-21                 98
   4.     0.19987249E-02  0.18457120E+03  0.53709920E-20  0.86858609E-21                210
   5.     0.12448941E-02  0.18107671E+03  0.36445852E-20  0.63195084E-21                350
   6.     0.69814181E-03  0.14825070E+03  0.25757853E-20  0.38487350E-21                450
   7.     0.45667152E-03  0.12918671E+03  0.18701322E-20  0.27733747E-21                602
   8.     0.29681006E-03  0.10890422E+03  0.15548819E-20  0.23589501E-21                762
   9.     0.22666904E-03  0.10603647E+03  0.13972469E-20  0.19220133E-21               1142
  10.     0.14246268E-03  0.82896423E+02  0.79358438E-21  0.12421528E-21               1250
  11.     0.92070499E-04  0.64617676E+02  0.59819497E-21  0.95346967E-22               1458
  12.     0.72095849E-04  0.59727058E+02  0.50755800E-21  0.74417459E-22               1814
  13.     0.54370106E-04  0.53088940E+02  0.40171407E-21  0.57575676E-22               2178
  14.     0.36980433E-04  0.41909119E+02  0.29305425E-21  0.43761453E-22               2498
  15.     0.25315287E-04  0.32777702E+02  0.21329047E-21  0.29458568E-22               2622
  16.     0.20871594E-04  0.30728161E+02  0.17480419E-21  0.24870806E-22               3338
  17.     0.15431964E-04  0.25708542E+02  0.12954723E-21  0.18457414E-22               3722
  18.     0.11259824E-04  0.21089947E+02  0.10209762E-21  0.13313613E-22               4170
  19.     0.80010750E-05  0.16663265E+02  0.71604463E-22  0.95712162E-23               4358
  20.     0.61380588E-05  0.14140066E+02  0.58409603E-22  0.75331799E-23               5034
  21.     0.49761370E-05  0.12648037E+02  0.46183098E-22  0.60217177E-23               5714
  22.     0.35571748E-05  0.99319878E+01  0.34472098E-22  0.44616648E-23               5982
  23.     0.27147867E-05  0.82759237E+01  0.26480814E-22  0.34618198E-23               6602
  24.     0.21768717E-05  0.72212615E+01  0.20754490E-22  0.26005886E-23               7130
  25.     0.17370024E-05  0.62514238E+01  0.16795686E-22  0.20347330E-23               8034
  26.     0.13245744E-05  0.51651335E+01  0.12951361E-22  0.15409432E-23               8606
  27.     0.10551265E-05  0.44384837E+01  0.10071233E-22  0.11794987E-23               9066
  28.     0.95350583E-06  0.43150396E+01  0.83615343E-23  0.98453144E-24               9962
  29.     0.83966773E-06  0.40793843E+01  0.74129472E-23  0.82562838E-24              10550
  30.     0.83959333E-06  0.43655267E+01  0.73079427E-23  0.76177857E-24              11226
  31.     0.10323123E-05  0.57403078E+01  0.93226856E-23  0.95864418E-24              12146
            
            
  6.2939614E-02   = TIME
   1.     0.97919349E-02  0.79489227E+02  0.93994205E-20  0.22795993E-20                 18
   2.     0.47199326E-02  0.12125380E+03  0.92517308E-20  0.14961791E-20                 62
   3.     0.18056582E-02  0.98627182E+02  0.40287670E-20  0.81454601E-21                 98
   4.     0.17490737E-02  0.16204144E+03  0.42194039E-20  0.70296594E-21                210
   5.     0.12186987E-02  0.17913928E+03  0.34209779E-20  0.53371067E-21                350
   6.     0.63600816E-03  0.13516660E+03  0.20795234E-20  0.35389093E-21                450
   7.     0.49306348E-03  0.14032809E+03  0.15424640E-20  0.26263131E-21                602
   8.     0.29493490E-03  0.10812094E+03  0.10809177E-20  0.19853213E-21                762
   9.     0.23044347E-03  0.10757944E+03  0.10662136E-20  0.16485829E-21               1142
  10.     0.14312982E-03  0.83225853E+02  0.70947984E-21  0.10146538E-21               1250
  11.     0.95044728E-04  0.66613251E+02  0.49424900E-21  0.74101510E-22               1458
  12.     0.69540110E-04  0.57603977E+02  0.41892598E-21  0.61589854E-22               1814
  13.     0.49058028E-04  0.47886185E+02  0.32647376E-21  0.47726861E-22               2178
  14.     0.34553344E-04  0.39108734E+02  0.23622120E-21  0.33771754E-22               2498
  15.     0.24504459E-04  0.31710571E+02  0.17531352E-21  0.23255944E-22               2622
  16.     0.19750816E-04  0.29056591E+02  0.14282665E-21  0.19497249E-22               3338
  17.     0.13755342E-04  0.22932922E+02  0.10803050E-21  0.14854790E-22               3722
  18.     0.10642501E-04  0.19925175E+02  0.81643772E-22  0.11232494E-22               4170
  19.     0.74818117E-05  0.15584663E+02  0.61169032E-22  0.78867868E-23               4358
  20.     0.56075623E-05  0.12923243E+02  0.50513026E-22  0.63928515E-23               5034
  21.     0.43452064E-05  0.11054803E+02  0.38879199E-22  0.48743830E-23               5714
  22.     0.31845007E-05  0.88949156E+01  0.28005878E-22  0.35032311E-23               5982
  23.     0.24216470E-05  0.73819246E+01  0.22600947E-22  0.28076794E-23               6602
  24.     0.18997828E-05  0.62991400E+01  0.16929277E-22  0.21308537E-23               7130
  25.     0.15334796E-05  0.55187969E+01  0.13507182E-22  0.16520749E-23               8034
  26.     0.11609129E-05  0.45270958E+01  0.10349353E-22  0.12787043E-23               8606
  27.     0.90498708E-06  0.38051503E+01  0.81705337E-23  0.98550726E-24               9066
  28.     0.77568842E-06  0.35089111E+01  0.67187496E-23  0.77813831E-24               9962
  29.     0.70110309E-06  0.34061193E+01  0.58458139E-23  0.66705989E-24              10550
  30.     0.70321016E-06  0.36567647E+01  0.55514327E-23  0.61058189E-24              11226
  31.     0.84907464E-06  0.47218256E+01  0.70665229E-23  0.80327428E-24              12146
            
            
  9.4393693E-02   = TIME
   1.     0.97822826E-02  0.80250061E+02  0.70989214E-20  0.16777749E-20                 18
   2.     0.50273454E-02  0.12816861E+03  0.69641871E-20  0.12394906E-20                 62
   3.     0.17063634E-02  0.94281708E+02  0.36145919E-20  0.71449790E-21                 98
   4.     0.16252070E-02  0.14917480E+03  0.30832273E-20  0.49035286E-21                210
   5.     0.11532955E-02  0.16822375E+03  0.28709672E-20  0.41131846E-21                350
   6.     0.66359935E-03  0.14123224E+03  0.18685166E-20  0.31283290E-21                450
   7.     0.44617761E-03  0.12695483E+03  0.12771750E-20  0.21503753E-21                602
   8.     0.28408857E-03  0.10415846E+03  0.91838596E-21  0.15691133E-21                762
   9.     0.23530505E-03  0.10991493E+03  0.87170195E-21  0.15050810E-21               1142
  10.     0.12807548E-03  0.74763290E+02  0.61978254E-21  0.96570156E-22               1250
  11.     0.91761758E-04  0.64339142E+02  0.41689443E-21  0.67605771E-22               1458
  12.     0.66420442E-04  0.55066360E+02  0.31041422E-21  0.52836026E-22               1814
  13.     0.50379866E-04  0.49147766E+02  0.24278198E-21  0.39744964E-22               2178
  14.     0.35778816E-04  0.40514015E+02  0.17826972E-21  0.30628717E-22               2498
  15.     0.23180710E-04  0.30029526E+02  0.12801029E-21  0.20236557E-22               2622
  16.     0.18528408E-04  0.27218725E+02  0.10871504E-21  0.17299396E-22               3338
  17.     0.14070924E-04  0.23442112E+02  0.81829482E-22  0.12395851E-22               3722
  18.     0.10548223E-04  0.19746876E+02  0.64642740E-22  0.95362697E-23               4170
  19.     0.71201116E-05  0.14838545E+02  0.44833133E-22  0.69406239E-23               4358
  20.     0.55419987E-05  0.12762800E+02  0.37063689E-22  0.54677401E-23               5034
  21.     0.41528947E-05  0.10558713E+02  0.30163611E-22  0.43836839E-23               5714
  22.     0.29930052E-05  0.83612757E+01  0.21271281E-22  0.29717858E-23               5982
  23.     0.22575532E-05  0.68816905E+01  0.17021514E-22  0.23206320E-23               6602
  24.     0.17197634E-05  0.57014298E+01  0.12739507E-22  0.17760397E-23               7130
  25.     0.13672682E-05  0.49231715E+01  0.10161862E-22  0.13687213E-23               8034
  26.     0.10555486E-05  0.41163254E+01  0.78764456E-23  0.10379123E-23               8606
  27.     0.81850931E-06  0.34437175E+01  0.60757554E-23  0.79738050E-24               9066
  28.     0.68252700E-06  0.30873344E+01  0.50085449E-23  0.65389563E-24               9962
  29.     0.59491168E-06  0.28882372E+01  0.44174093E-23  0.54879875E-24              10550
  30.     0.58608845E-06  0.30465016E+01  0.42769877E-23  0.50774598E-24              11226
  31.     0.72846387E-06  0.40500193E+01  0.52892059E-23  0.61240357E-24              12146
            
            
  0.1258478       = TIME
   1.     0.98155178E-02  0.81360794E+02  0.54465526E-20  0.12074945E-20                 18
   2.     0.52105542E-02  0.13325307E+03  0.50977251E-20  0.10075262E-20                 62
   3.     0.16411499E-02  0.90749390E+02  0.30607195E-20  0.61698955E-21                 98
   4.     0.16735366E-02  0.15355258E+03  0.25254020E-20  0.39806886E-21                210
   5.     0.10732317E-02  0.15691504E+03  0.20996647E-20  0.33514348E-21                350
   6.     0.60027733E-03  0.12803128E+03  0.16149304E-20  0.26171734E-21                450
   7.     0.44994941E-03  0.12710536E+03  0.10384297E-20  0.16869134E-21                602
   8.     0.27571167E-03  0.10165776E+03  0.87210504E-21  0.13685146E-21                762
   9.     0.21100626E-03  0.98702423E+02  0.68173011E-21  0.10469575E-21               1142
  10.     0.13218417E-03  0.77120270E+02  0.42815003E-21  0.73514642E-22               1250
  11.     0.86621483E-04  0.60703331E+02  0.33349477E-21  0.51486843E-22               1458
  12.     0.64775661E-04  0.53692291E+02  0.27128641E-21  0.41747106E-22               1814
  13.     0.47152666E-04  0.45996529E+02  0.19789107E-21  0.30842600E-22               2178
  14.     0.33442037E-04  0.37839413E+02  0.15595828E-21  0.23197887E-22               2498
  15.     0.22502809E-04  0.29113722E+02  0.10850783E-21  0.15834788E-22               2622
  16.     0.17683386E-04  0.25984119E+02  0.94254199E-22  0.13575375E-22               3338
  17.     0.13151657E-04  0.21894722E+02  0.68200818E-22  0.96687699E-23               3722
  18.     0.94725801E-05  0.17726807E+02  0.53958843E-22  0.73509388E-23               4170
  19.     0.64859892E-05  0.13519625E+02  0.36791996E-22  0.51935979E-23               4358
  20.     0.51250227E-05  0.11797097E+02  0.29441728E-22  0.41816688E-23               5034
  21.     0.39158867E-05  0.99540319E+01  0.24734033E-22  0.34147694E-23               5714
  22.     0.27741435E-05  0.77469592E+01  0.17149685E-22  0.23903641E-23               5982
  23.     0.21313567E-05  0.64982214E+01  0.13401631E-22  0.18868421E-23               6602
  24.     0.16561175E-05  0.54925475E+01  0.10294789E-22  0.14077942E-23               7130
  25.     0.12824535E-05  0.46168923E+01  0.85146522E-23  0.11276201E-23               8034
  26.     0.10019858E-05  0.39056826E+01  0.68847070E-23  0.87902258E-24               8606
  27.     0.76105528E-06  0.32004888E+01  0.50864639E-23  0.65763291E-24               9066
  28.     0.64564756E-06  0.29203377E+01  0.41055651E-23  0.52704971E-24               9962
  29.     0.55836784E-06  0.27120032E+01  0.35485567E-23  0.44246064E-24              10550
  30.     0.55420134E-06  0.28803744E+01  0.34064284E-23  0.41598751E-24              11226
  31.     0.68185057E-06  0.37917850E+01  0.42063767E-23  0.51616658E-24              12146
            
            
  0.1573018       = TIME
   1.     0.99829463E-02  0.83993759E+02  0.43490410E-20  0.90779922E-21                 18
   2.     0.49865255E-02  0.12805370E+03  0.35749607E-20  0.78397234E-21                 62
   3.     0.19585514E-02  0.10775343E+03  0.24342956E-20  0.45050248E-21                 98
   4.     0.15846149E-02  0.14472302E+03  0.20435089E-20  0.35158700E-21                210
   5.     0.10502387E-02  0.15376569E+03  0.17093827E-20  0.30162497E-21                350
   6.     0.61729865E-03  0.13141718E+03  0.11456149E-20  0.19480575E-21                450
   7.     0.38000423E-03  0.10786426E+03  0.93724733E-21  0.15987337E-21                602
   8.     0.25801046E-03  0.94684349E+02  0.70357871E-21  0.10832440E-21                762
   9.     0.21741113E-03  0.10141354E+03  0.55528416E-21  0.90228484E-22               1142
  10.     0.12482317E-03  0.72937492E+02  0.36796799E-21  0.54980424E-22               1250
  11.     0.83356099E-04  0.58344372E+02  0.26140995E-21  0.39369757E-22               1458
  12.     0.60521197E-04  0.50114960E+02  0.22915715E-21  0.31868939E-22               1814
  13.     0.44342851E-04  0.43255844E+02  0.16248457E-21  0.24360366E-22               2178
  14.     0.30530635E-04  0.34589409E+02  0.12236684E-21  0.17788985E-22               2498
  15.     0.21313017E-04  0.27591017E+02  0.87130242E-22  0.12222652E-22               2622
  16.     0.17301587E-04  0.25440670E+02  0.74393275E-22  0.10786267E-22               3338
  17.     0.12195201E-04  0.20317070E+02  0.55142810E-22  0.74374398E-23               3722
  18.     0.90196772E-05  0.16905949E+02  0.43093991E-22  0.58960994E-23               4170
  19.     0.63234565E-05  0.13162745E+02  0.30214259E-22  0.39024823E-23               4358
  20.     0.48389229E-05  0.11149060E+02  0.24155991E-22  0.31305527E-23               5034
  21.     0.37341867E-05  0.94951534E+01  0.18845647E-22  0.24398494E-23               5714
  22.     0.27123683E-05  0.75772867E+01  0.13419859E-22  0.17021439E-23               5982
  23.     0.20283408E-05  0.61856723E+01  0.10769950E-22  0.13477487E-23               6602
  24.     0.15293061E-05  0.50718737E+01  0.81251963E-23  0.97245684E-24               7130
  25.     0.12365772E-05  0.44534316E+01  0.64857911E-23  0.78311815E-24               8034
  26.     0.93870869E-06  0.36603198E+01  0.47341949E-23  0.59451940E-24               8606
  27.     0.73132946E-06  0.30750976E+01  0.37387787E-23  0.44880304E-24               9066
  28.     0.60736710E-06  0.27476354E+01  0.30092133E-23  0.35517668E-24               9962
  29.     0.52892256E-06  0.25690076E+01  0.25601078E-23  0.29383560E-24              10550
  30.     0.52776460E-06  0.27438259E+01  0.24468272E-23  0.26828511E-24              11226
  31.     0.68260647E-06  0.37953255E+01  0.30514867E-23  0.33387833E-24              12146
            
            
  0.1887559       = TIME
   1.     0.10242924E-01  0.87747368E+02  0.37771761E-20  0.76130616E-21                 18
   2.     0.46011400E-02  0.11961623E+03  0.22784508E-20  0.55688481E-21                 62
   3.     0.22529811E-02  0.12400347E+03  0.18739662E-20  0.33401769E-21                 98
   4.     0.15400399E-02  0.14053648E+03  0.16801843E-20  0.31084310E-21                210
   5.     0.10981767E-02  0.16035779E+03  0.12979343E-20  0.21397740E-21                350
   6.     0.55511761E-03  0.11781169E+03  0.90664286E-21  0.16405001E-21                450
   7.     0.40316238E-03  0.11420160E+03  0.68260677E-21  0.11468899E-21                602
   8.     0.24980129E-03  0.92115707E+02  0.53642380E-21  0.88126201E-22                762
   9.     0.19212520E-03  0.89731506E+02  0.44889417E-21  0.75056783E-22               1142
  10.     0.12204466E-03  0.71030746E+02  0.30285271E-21  0.45681969E-22               1250
  11.     0.81219841E-04  0.56793255E+02  0.22487779E-21  0.34577383E-22               1458
  12.     0.59531201E-04  0.49383347E+02  0.18448627E-21  0.27132959E-22               1814
  13.     0.43132757E-04  0.42026577E+02  0.12642705E-21  0.19040579E-22               2178
  14.     0.30643056E-04  0.34670509E+02  0.10223875E-21  0.14886780E-22               2498
  15.     0.21159954E-04  0.27387348E+02  0.69926335E-22  0.10434324E-22               2622
  16.     0.16878923E-04  0.24826206E+02  0.59164839E-22  0.83532150E-23               3338
  17.     0.11926453E-04  0.19882200E+02  0.45017007E-22  0.63474549E-23               3722
  18.     0.89202258E-05  0.16696430E+02  0.32914420E-22  0.45868459E-23               4170
  19.     0.61534183E-05  0.12806502E+02  0.24103050E-22  0.31696039E-23               4358
  20.     0.48369493E-05  0.11139915E+02  0.19156865E-22  0.25089930E-23               5034
  21.     0.36385136E-05  0.92507715E+01  0.15132837E-22  0.19177228E-23               5714
  22.     0.25645490E-05  0.71640429E+01  0.10685885E-22  0.13896223E-23               5982
  23.     0.19760796E-05  0.60242167E+01  0.83531866E-23  0.10412708E-23               6602
  24.     0.14980335E-05  0.49692373E+01  0.63958909E-23  0.80058057E-24               7130
  25.     0.11779694E-05  0.42408309E+01  0.51658103E-23  0.63874496E-24               8034
  26.     0.90608370E-06  0.35347123E+01  0.40494293E-23  0.47875712E-24               8606
  27.     0.70057348E-06  0.29458899E+01  0.29717558E-23  0.35637886E-24               9066
  28.     0.57892078E-06  0.26190262E+01  0.24593102E-23  0.28812028E-24               9962
  29.     0.49756829E-06  0.24155202E+01  0.20267493E-23  0.23566465E-24              10550
  30.     0.49977632E-06  0.25988684E+01  0.20665880E-23  0.21943330E-24              11226
  31.     0.62941979E-06  0.34989882E+01  0.27265944E-23  0.28441566E-24              12146
            
            
  0.2202100       = TIME
   1.     0.10462847E-01  0.91089508E+02  0.34048596E-20  0.68188112E-21                 18
   2.     0.43188366E-02  0.11395001E+03  0.15184683E-20  0.36724845E-21                 62
   3.     0.22923199E-02  0.12642589E+03  0.13024108E-20  0.25052501E-21                 98
   4.     0.16644425E-02  0.15292361E+03  0.12242060E-20  0.24694562E-21                210
   5.     0.10907386E-02  0.16103754E+03  0.10341033E-20  0.16785488E-21                350
   6.     0.57985203E-03  0.12417421E+03  0.68970303E-21  0.12427056E-21                450
   7.     0.37808390E-03  0.10702357E+03  0.53198911E-21  0.95833833E-22                602
   8.     0.24134695E-03  0.88606529E+02  0.40457818E-21  0.65231476E-22                762
   9.     0.20655269E-03  0.96087646E+02  0.36694300E-21  0.59212404E-22               1142
  10.     0.12124773E-03  0.70774429E+02  0.22282900E-21  0.35953011E-22               1250
  11.     0.80015765E-04  0.56071014E+02  0.17222363E-21  0.26181424E-22               1458
  12.     0.60822673E-04  0.50572044E+02  0.13872032E-21  0.20381703E-22               1814
  13.     0.44312263E-04  0.43241379E+02  0.97928259E-22  0.14660409E-22               2178
  14.     0.29976336E-04  0.33972488E+02  0.78093696E-22  0.11130308E-22               2498
  15.     0.20340751E-04  0.26340778E+02  0.53846888E-22  0.75426107E-23               2622
  16.     0.16101076E-04  0.23670406E+02  0.46023587E-22  0.62921431E-23               3338
  17.     0.11726895E-04  0.19543732E+02  0.35447137E-22  0.48667393E-23               3722
  18.     0.83058512E-05  0.15548967E+02  0.25465033E-22  0.33494521E-23               4170
  19.     0.57836728E-05  0.12048187E+02  0.18259462E-22  0.24480089E-23               4358
  20.     0.44522826E-05  0.10253141E+02  0.14497392E-22  0.18835947E-23               5034
  21.     0.33589893E-05  0.85414963E+01  0.12170038E-22  0.15053219E-23               5714
  22.     0.23999035E-05  0.67015285E+01  0.83825117E-23  0.10429291E-23               5982
  23.     0.18434441E-05  0.56218624E+01  0.64380327E-23  0.80337644E-24               6602
  24.     0.14145937E-05  0.46909847E+01  0.47875909E-23  0.59067508E-24               7130
  25.     0.11118575E-05  0.40031404E+01  0.38690117E-23  0.46522618E-24               8034
  26.     0.86107013E-06  0.33580070E+01  0.29814996E-23  0.36355227E-24               8606
  27.     0.68408269E-06  0.28763895E+01  0.22646575E-23  0.27089375E-24               9066
  28.     0.57437774E-06  0.25975499E+01  0.18656115E-23  0.21489165E-24               9962
  29.     0.49084827E-06  0.23834758E+01  0.15721029E-23  0.17672784E-24              10550
  30.     0.50541723E-06  0.26277490E+01  0.15821810E-23  0.17194065E-24              11226
  31.     0.63122349E-06  0.35097466E+01  0.21304609E-23  0.21419743E-24              12146
            
            
  0.2516641       = TIME
   1.     0.10602079E-01  0.93381699E+02  0.29067272E-20  0.59628928E-21                 18
   2.     0.41348347E-02  0.10992116E+03  0.11071730E-20  0.25799508E-21                 62
   3.     0.22433894E-02  0.12492426E+03  0.94878676E-21  0.18832599E-21                 98
   4.     0.17793993E-02  0.16383337E+03  0.83830635E-21  0.17049324E-21                210
   5.     0.10547852E-02  0.15499860E+03  0.83659307E-21  0.13676296E-21                350
   6.     0.63730584E-03  0.13590961E+03  0.53858283E-21  0.96743219E-22                450
   7.     0.39494009E-03  0.11200243E+03  0.39098814E-21  0.66180242E-22                602
   8.     0.24684501E-03  0.90678955E+02  0.31234919E-21  0.55556659E-22                762
   9.     0.20367918E-03  0.95373878E+02  0.26320454E-21  0.46749803E-22               1142
  10.     0.12798171E-03  0.74703484E+02  0.17928356E-21  0.29191886E-22               1250
  11.     0.81689264E-04  0.57416031E+02  0.12828789E-21  0.20054933E-22               1458
  12.     0.60748356E-04  0.50465324E+02  0.11016359E-21  0.17199578E-22               1814
  13.     0.43623972E-04  0.42611942E+02  0.81646757E-22  0.13140971E-22               2178
  14.     0.30172039E-04  0.34195404E+02  0.60641505E-22  0.92091543E-23               2498
  15.     0.20718329E-04  0.26855755E+02  0.43076842E-22  0.63957592E-23               2622
  16.     0.17114478E-04  0.25158554E+02  0.38175775E-22  0.55043551E-23               3338
  17.     0.11982514E-04  0.19968616E+02  0.27366702E-22  0.39469030E-23               3722
  18.     0.88474817E-05  0.16558479E+02  0.19980698E-22  0.27367884E-23               4170
  19.     0.62060121E-05  0.12925550E+02  0.14212885E-22  0.19637596E-23               4358
  20.     0.47633725E-05  0.10967319E+02  0.11132765E-22  0.14943012E-23               5034
  21.     0.35876988E-05  0.91267090E+01  0.84004338E-23  0.11486259E-23               5714
  22.     0.25802051E-05  0.72067323E+01  0.61448344E-23  0.82382381E-24               5982
  23.     0.19732252E-05  0.60157990E+01  0.49291918E-23  0.64974016E-24               6602
  24.     0.14730933E-05  0.48843584E+01  0.36383456E-23  0.47683417E-24               7130
  25.     0.11563667E-05  0.41616054E+01  0.28217957E-23  0.37157459E-24               8034
  26.     0.87401190E-06  0.34097600E+01  0.22633800E-23  0.27877777E-24               8606
  27.     0.68906809E-06  0.28982606E+01  0.16969846E-23  0.20544372E-24               9066
  28.     0.58234207E-06  0.26350114E+01  0.13975590E-23  0.16433915E-24               9962
  29.     0.50177141E-06  0.24356411E+01  0.11557262E-23  0.13558355E-24              10550
  30.     0.49187571E-06  0.25581396E+01  0.11159366E-23  0.12502263E-24              11226
  31.     0.60553180E-06  0.33662126E+01  0.14042446E-23  0.15540804E-24              12146
            
            
  0.2831182       = TIME
   1.     0.10774391E-01  0.95897766E+02  0.22597320E-20  0.48584830E-21                 18
   2.     0.39441790E-02  0.10487016E+03  0.93867945E-21  0.20509316E-21                 62
   3.     0.21119323E-02  0.11881606E+03  0.71255294E-21  0.15257947E-21                 98
   4.     0.18347052E-02  0.17002637E+03  0.75423317E-21  0.13663913E-21                210
   5.     0.11698420E-02  0.16970114E+03  0.54090604E-21  0.10322319E-21                350
   6.     0.62424364E-03  0.13332423E+03  0.44551300E-21  0.72924530E-22                450
   7.     0.41617214E-03  0.11880806E+03  0.32496399E-21  0.55158366E-22                602
   8.     0.26938488E-03  0.98733200E+02  0.21574823E-21  0.38099322E-22                762
   9.     0.20192107E-03  0.94198349E+02  0.21515407E-21  0.33288274E-22               1142
  10.     0.11684654E-03  0.68032005E+02  0.12898313E-21  0.20358701E-22               1250
  11.     0.85337575E-04  0.59867851E+02  0.96354424E-22  0.14941220E-22               1458
  12.     0.61389779E-04  0.50929760E+02  0.78467735E-22  0.12564027E-22               1814
  13.     0.44302702E-04  0.43247673E+02  0.62829849E-22  0.97418279E-23               2178
  14.     0.31763182E-04  0.35980431E+02  0.43936877E-22  0.69091830E-23               2498
  15.     0.20781768E-04  0.26940544E+02  0.31535611E-22  0.46456287E-23               2622
  16.     0.16630245E-04  0.24445715E+02  0.27992969E-22  0.39743160E-23               3338
  17.     0.12098211E-04  0.20153683E+02  0.19791861E-22  0.28495435E-23               3722
  18.     0.86521322E-05  0.16195206E+02  0.14731069E-22  0.20882856E-23               4170
  19.     0.61736941E-05  0.12851286E+02  0.10264838E-22  0.14263151E-23               4358
  20.     0.46618356E-05  0.10733152E+02  0.88205725E-23  0.12043656E-23               5034
  21.     0.36815786E-05  0.93672256E+01  0.66126135E-23  0.89258842E-24               5714
  22.     0.26252956E-05  0.73313847E+01  0.48561165E-23  0.63061531E-24               5982
  23.     0.19961240E-05  0.60824819E+01  0.38649676E-23  0.49300991E-24               6602
  24.     0.15196501E-05  0.50405951E+01  0.28817107E-23  0.37148658E-24               7130
  25.     0.12018374E-05  0.43278751E+01  0.22912325E-23  0.28597721E-24               8034
  26.     0.91786728E-06  0.35775232E+01  0.17525289E-23  0.21542773E-24               8606
  27.     0.70313649E-06  0.29554858E+01  0.13610294E-23  0.16205343E-24               9066
  28.     0.60305814E-06  0.27285573E+01  0.11372245E-23  0.13297669E-24               9962
  29.     0.52912554E-06  0.25687096E+01  0.93283650E-24  0.10768145E-24              10550
  30.     0.51922154E-06  0.26997914E+01  0.91279421E-24  0.10109410E-24              11226
  31.     0.64187839E-06  0.35689189E+01  0.11721123E-23  0.13040522E-24              12146
            
            
  0.3145408       = TIME
   1.     0.11026109E-01  0.99327774E+02  0.16392621E-20  0.37097902E-21                 18
   2.     0.37674571E-02  0.99504257E+02  0.89673012E-21  0.18262419E-21                 62
   3.     0.19960674E-02  0.11315460E+03  0.55066783E-21  0.12284061E-21                 98
   4.     0.17296963E-02  0.15891248E+03  0.61798964E-21  0.10960875E-21                210
   5.     0.12672296E-02  0.18403021E+03  0.46166872E-21  0.82595561E-22                350
   6.     0.65795326E-03  0.13929691E+03  0.30130771E-21  0.56647553E-22                450
   7.     0.40970260E-03  0.11705373E+03  0.21921432E-21  0.44703157E-22                602
   8.     0.29541040E-03  0.10848020E+03  0.18535952E-21  0.31290812E-22                762
   9.     0.21469689E-03  0.10018758E+03  0.15549670E-21  0.24347376E-22               1142
  10.     0.12565478E-03  0.73138046E+02  0.10127733E-21  0.15856981E-22               1250
  11.     0.86320753E-04  0.60580757E+02  0.87144795E-22  0.12075965E-22               1458
  12.     0.59059661E-04  0.48986481E+02  0.64336807E-22  0.98177187E-23               1814
  13.     0.44299613E-04  0.43182892E+02  0.48003757E-22  0.73242296E-23               2178
  14.     0.30798226E-04  0.34864822E+02  0.36441859E-22  0.51628710E-23               2498
  15.     0.20743744E-04  0.26865749E+02  0.25074969E-22  0.37681771E-23               2622
  16.     0.16478214E-04  0.24234802E+02  0.20851324E-22  0.30546023E-23               3338
  17.     0.11994001E-04  0.19996332E+02  0.15562867E-22  0.22321261E-23               3722
  18.     0.89992209E-05  0.16840668E+02  0.11756707E-22  0.16676508E-23               4170
  19.     0.59495296E-05  0.12402094E+02  0.84626663E-23  0.11611829E-23               4358
  20.     0.49366963E-05  0.11373442E+02  0.65486235E-23  0.89824140E-24               5034
  21.     0.36465858E-05  0.92719736E+01  0.51628662E-23  0.67504504E-24               5714
  22.     0.26016103E-05  0.72679510E+01  0.37872538E-23  0.48918911E-24               5982
  23.     0.19869569E-05  0.60579486E+01  0.29063965E-23  0.35712369E-24               6602
  24.     0.15284423E-05  0.50698948E+01  0.22847337E-23  0.28319448E-24               7130
  25.     0.12059511E-05  0.43413310E+01  0.17765840E-23  0.21959841E-24               8034
  26.     0.92840617E-06  0.36210084E+01  0.13428877E-23  0.16404242E-24               8606
  27.     0.71968202E-06  0.30285716E+01  0.10349908E-23  0.12178981E-24               9066
  28.     0.61365904E-06  0.27758858E+01  0.84636334E-24  0.97843977E-25               9962
  29.     0.53306093E-06  0.25892239E+01  0.70381938E-24  0.78497392E-25              10550
  30.     0.53851022E-06  0.28012178E+01  0.69753744E-24  0.70641588E-25              11226
  31.     0.70814212E-06  0.39393790E+01  0.88081181E-24  0.89088293E-25              12146
            
            
